6028
8
14
9813
11
19
10249
19
14
10478
17
10
10479
6
13
10516
13
12
10519
7
9
10525
2
16
10606
18
2
10611
1
17
10632
7
17
10638
16
20
10671
14
15
10673
3
7
10676
19
16
10975
4
16
11031
9
11
11096
17
7
11196
19
17
11263
9
8
11598
14
3
11616
16
17
11617
15
2
11637
17
5
11676
5
14
11685
18
17
11689
8
6
11696
12
14
11736
16
20
11738
17
1
11814
20
5
11832
10
13
11840
8
5
11858
1
13
11861
7
15
11862
19
4
11863
6
17
11879
6
11
11880
9
10
11889
19
20
11892
14
6
11959
14
8
11961
14
1
11979
17
19
11989
12
8
11993
8
10
12020
4
18
12039
1
15
12074
12
12
12093
1
11
12173
13
6
12208
11
10
12211
6
4
12239
8
1
12252
5
7
12272
8
4
12308
9
7
12336
2
8
12358
13
16
12374
8
12
12376
12
2
12399
12
20
12412
14
19
12455
4
3
12472
5
16