6028 14
9813 19
10249 19
10478 17
10479 13
10516 13
10519 9
10525 16
10606 18
10611 17
10632 17
10638 20
10671 15
10673 7
10676 19
10975 16
11031 11
11096 17
11196 19
11263 9
11598 14
11616 17
11617 15
11637 17
11676 14
11685 18
11689 8
11696 14
11736 20
11738 17
11814 20
11832 13
11840 8
11858 13
11861 15
11862 19
11863 17
11879 11
11880 10
11889 20
11892 14
11959 14
11961 14
11979 19
11989 12
11993 10
12020 18
12039 15
12074 12
12093 11
12173 13
12208 11
12211 6
12239 8
12252 7
12272 8
12308 9
12336 8
12358 16
12374 12
12376 12
12399 20
12412 19
12455 4
12472 16